x_1 = 1    1
x_2 = 1    1
x_3 = 1    1
x_4 = 1    1
x_5 = 1    1
x_6 = 1    1
x_7 = 1    1
x_8 = 1    1
x_9 = 1    1
x_10 = 1    1
x_11 = 1    1
x_12 = 1    1
x_13 = 1    1
x_14 = 1    1
x_15 = 1    1
x_16 = 1    1
x_17 = 1    1
x_18 = 1    1
x_19 = 1    1
x_20 = 1    1
x_21 = 1    1
x_22 = 1    1
x_23 = 1    1
x_24 = 1    1
x_25 = 1    1
x_26 = 1    1
x_27 = 1    1
x_28 = 1    1
x_29 = 1    1
x_30 = 1    1
x_31 = 1    1
x_32 = 1    1
x_33 = 1    1
x_34 = 1    1
x_35 = 0.999998    1
x_36 = 1    1
x_37 = 0.999992    1
x_38 = 1.00002    1
x_39 = 0.999969    1
x_40 = 1.00006    1
x_41 = 0.999878    1
x_42 = 1.00024    1
x_43 = 0.999512    1
x_44 = 1.00098    1
x_45 = 0.998047    1
x_46 = 1.00391    1
x_47 = 0.992188    1
x_48 = 1.01562    1
x_49 = 0.968752    1
x_50 = 1.0625    1
x_51 = 0.875008    1
x_52 = 1.24998    1
x_53 = 0.500031    1
x_54 = 1.99994    1
x_55 = -0.999878    1
x_56 = 4.99976    1
x_57 = -6.99951    1
x_58 = 16.999    1
x_59 = -30.998    1
x_60 = 64.9961    1
x_61 = -126.992    1
x_62 = 256.984    1
x_63 = -510.969    1
x_64 = 1024.94    1
x_65 = -2046.87    1
x_66 = 4096.74    1
x_67 = -8190.47    1
x_68 = 16383.9    1
x_69 = -32764.5    1
x_70 = 65531    1
x_71 = -131055    1
x_72 = 262097    1
x_73 = -524127    1
x_74 = 1.048e+06    1
x_75 = -2.09498e+06    1
x_76 = 4.18586e+06    1
x_77 = -8.35533e+06    1
x_78 = 1.66451e+07    1
x_79 = -3.30281e+07    1
x_80 = 6.50077e+07    1
x_81 = -1.25821e+08    1
x_82 = 2.34867e+08    0.999999
x_83 = -4.02629e+08    1
x_84 = 5.36838e+08    0.999997
左侧为不选主元法得到的结果，右侧为列主元法得到的结果.
